"time","intensity","change"
0,121,121
1,193,72
2,247,54
3,266,19
4,363,97
5,439,76
6,417,-22
7,356,-61
8,279,-77
9,213,-66
10,111,-102
11,12,-99
12,0,-12
